LowLevel:
  Orientation:
    Kp: [50.0, 50.0, 50.0]
    Kd: [0.15, 0.15, 0.15]
  Leg: {Kp: 0.5, Kd: 0.005}
  dt: 0.001
Simulator:
  p0: [0.0, 0.0, 0.5]
  v0: [0.0, 0.0, 0.0]
  rpy0: [0.0, 0.0, 0.0]
  w0: [0.0, 0.0, 0.0]
  pauseBeforeStart: 0.0
  speed: 1.0
  pert_force_x: [30.0, -30.0, 10.0, -10.0]
  pert_force_y: [0.0, 0.0, 10.0, 10.0]
  pert_start: [3000.0, 8000.0, 11000.0, 14000.0]
  pert_end: [3150.0, 8150.0, 11150.0, 14150.0]
  simEnd: 10000.0
MPC:
  N: 20.0
  stateScaling: [20.0, 20.0, 0.0, 8.0, 8.0, 8.0, 0.0, 0.0, 0.0, 0.0, 2.5, 2.5, 0.0,
    0.03, 0.03, 0.03, 0.0, 0.0, 0.0, 0.0]
  inputScaling: [0.01, 0.01, 0.01, 0.01]
  discountFactor: 1.0
  terminalScaling: 1.0
  dt_flight: 0.01
  dt_ground: 0.001
  dt_replan: 0.01
  SQP_iter: 2.0
  tau_max: 1.5
  f_max: 0.0
  groundDuration: 0.07
  heightOffset: 0.35
  time_between_contacts: 0.3
  multiplier_on_deltaf: 0.0
  hop_height: 0.5
  circle_amp: -1.0
  circle_freq: 20.0
  max_vel: 5.0
SpringStiffness: 1000.0
CLF_CBF:
  CLF:
    Q: [1.0, 0.0, 0.0, 0.0, 0.0, 0.0, 0.0, 1.0, 0.0, 0.0, 0.0, 0.0, 0.0, 0.0, 1.0,
      0.0, 0.0, 0.0, 0.0, 0.0, 0.0, 1.0, 0.0, 0.0, 0.0, 0.0, 0.0, 0.0, 1.0, 0.0, 0.0,
      0.0, 0.0, 0.0, 0.0, 1.0]
    P: [1.4433756729740639, -2.4796858387521806E-17, -3.1857612794304483E-18, 0.4999999999999998,
      -3.0449619144999784E-17, -3.766496552197518E-18, -2.4796858387521806E-17, 1.4433756729740639,
      2.8642074705295695E-16, -4.4549177556671235E-17, 0.4999999999999997, 1.8250198449649902E-16,
      -3.1857612794304483E-18, 2.8642074705295695E-16, 1.4433756729740637, -6.74192651517239E-18,
      1.6763193865100774E-16, 0.4999999999999999, 0.4999999999999998, -4.4549177556671235E-17,
      -6.74192651517239E-18, 0.5773502691896258, -5.865772188647581E-17, -8.796079657900334E-18,
      -3.0449619144999784E-17, 0.4999999999999997, 1.6763193865100774E-16, -5.865772188647581E-17,
      0.5773502691896257, 1.6688366838186134E-16, -3.766496552197518E-18, 1.8250198449649902E-16,
      0.4999999999999999, -8.796079657900334E-18, 1.6688366838186134E-16, 0.5773502691896257]
    lamd: 1.0
  CBF:
    alph1: 1.0
    alph2: 1.0
    'null': [0.0, 0.0, 0.0]
QP:
  QP_SQP_iter: 1.0
  QP_inputScaling: [1.0, 1.0, 1.0]
  QP_deltaScaling: 1000.0
  u_max: 50.0
  u_min: 50.0
  flywheel_max_vel: 200.0
  flywheel_min_vel: -200.0
